Name 00000.jpg counts 2 Coords [[102, 321, 125, 337.5], [137, 303, 177, 330.0]] prob_blues [1.4307915471146835, 1.0969888186272869]
Name 00001.jpg counts 5 Coords [[102, 309, 134, 330.0], [102, 330, 128, 348.0], [109, 330, 132, 346.5], [137, 306, 168, 328.5], [144, 303, 181, 328.5]] prob_blues [0.83722209788256208, 1.206606933694446, 1.4589181963750137, 1.2549372847028248, 1.2872796775821187]
Name 00002.jpg counts 4 Coords [[102, 309, 134, 330.0], [102, 330, 125, 346.5], [109, 321, 129, 336], [144, 306, 175, 328.5]] prob_blues [0.94801290202893351, 1.7777623786181502, 1.2985311039568623, 1.4626277202054965]
Name 00003.jpg counts 5 Coords [[102, 309, 134, 330.0], [102, 312, 134, 333.0], [102, 321, 131, 340.5], [102, 333, 122, 348], [109, 321, 129, 336]] prob_blues [0.82445458441661212, 0.97781696645050287, 1.2552021380914424, 1.231357420086387, 1.4986070959383508]
Name 00004.jpg counts 2 Coords [[137, 306, 168, 328.5], [144, 309, 172, 330]] prob_blues [1.2010722596550938, 1.7526401421034938]
Name 00005.jpg counts 2 Coords [[102, 309, 134, 330.0], [144, 309, 172, 330]] prob_blues [1.2045538106467788, 1.284754838603837]
Name 00006.jpg counts 2 Coords [[137, 303, 177, 330.0], [144, 306, 175, 328.5]] prob_blues [1.1862149209780108, 1.248993477538431]
Name 00007.jpg counts 2 Coords [[137, 303, 177, 330.0], [144, 306, 175, 328.5]] prob_blues [1.1596775035734006, 1.2427217490360989]
Name 00008.jpg counts 3 Coords [[95, 327, 115, 342], [116, 324, 156, 351.0], [137, 306, 168, 328.5]] prob_blues [1.6190440322840045, 1.0687570585556228, 1.207026961123526]
Name 00009.jpg counts 4 Coords [[95, 327, 115, 342], [123, 324, 160, 349.5], [137, 306, 168, 328.5], [144, 306, 172, 327]] prob_blues [1.4662424172109718, 1.3415367611522813, 1.2255841972400008, 1.3252089873381747]
Name 00010.jpg counts 4 Coords [[95, 327, 115, 342], [123, 324, 160, 349.5], [137, 306, 168, 328.5], [144, 306, 172, 327]] prob_blues [1.4662424172109718, 1.3415367611522813, 1.2255841972400008, 1.3252089873381747]
Name 00011.jpg counts 3 Coords [[102, 309, 134, 330.0], [123, 324, 163, 351.0], [137, 309, 165, 330]] prob_blues [0.88250303792389084, 1.051547425652537, 1.23221863350871]
Name 00012.jpg counts 2 Coords [[137, 327, 168, 349.5], [137, 330, 165, 351]] prob_blues [1.2982575930443732, 1.2105529422108843]
Name 00013.jpg counts 1 Coords [[116, 327, 156, 354.0]] prob_blues [0.83456132638569758]
Name 00014.jpg counts 6 Coords [[116, 330, 156, 357.0], [123, 330, 151, 351], [130, 330, 170, 357.0], [137, 303, 174, 328.5], [144, 306, 175, 328.5], [144, 309, 172, 330]] prob_blues [0.88563457009537927, 1.2523786871900775, 0.81419667813302288, 1.2161554546830935, 1.3476238351024801, 1.3871224360660408]
Name 00015.jpg counts 2 Coords [[116, 330, 147, 352.5], [123, 330, 163, 357.0]] prob_blues [1.365807383017688, 0.82053709824953447]
Name 00016.jpg counts 1 Coords [[116, 330, 147, 352.5]] prob_blues [1.3831431148556206]
Name 00017.jpg counts 4 Coords [[116, 330, 147, 352.5], [137, 303, 177, 330.0], [137, 309, 165, 330], [144, 306, 175, 328.5]] prob_blues [1.2919428347058077, 0.95902801286743411, 1.3616027613068731, 1.2883933318673559]
Name 00018.jpg counts 4 Coords [[74, 174, 92, 187.5], [74, 177, 92, 190.5], [123, 330, 157, 354.0], [137, 309, 165, 330]] prob_blues [1.4414299614048787, 1.4584079582377756, 1.2297296088431713, 1.2084916365194998]
Name 00019.jpg counts 3 Coords [[74, 117, 92, 130.5], [74, 177, 92, 190.5], [186, 198, 220, 224]] prob_blues [1.3091554853181675, 1.2820263132728624, 1.2175871529447244]
Name 00020.jpg counts 4 Coords [[67, 303, 88, 318.0], [74, 117, 92, 130.5], [116, 330, 147, 352.5], [144, 306, 172, 327]] prob_blues [1.2682151996079174, 1.227189514075202, 1.3461523437978746, 1.2944337542017061]
Name 00021.jpg counts 3 Coords [[137, 303, 177, 330.0], [144, 273, 184, 300.0], [144, 306, 172, 327]] prob_blues [1.2118760134270863, 0.99968641528710489, 1.3123535536040509]
Name 00022.jpg counts 3 Coords [[74, 117, 92, 130.5], [116, 330, 156, 357.0], [144, 306, 172, 327]] prob_blues [1.2478972631535621, 0.83616093972964756, 1.2594399431205656]
Name 00023.jpg counts 0 Coords [] prob_blues []
Name 00024.jpg counts 5 Coords [[102, 309, 134, 330.0], [137, 303, 177, 330.0], [137, 309, 165, 330], [144, 303, 184, 330.0], [144, 306, 175, 328.5]] prob_blues [0.9960131995276934, 0.98616880945031127, 1.244157449003445, 0.93680649733114019, 1.2652213216613371]
Name 00025.jpg counts 1 Coords [[137, 303, 177, 330.0]] prob_blues [1.0318213921883683]
Name 00026.jpg counts 3 Coords [[123, 330, 151, 351], [137, 303, 177, 330.0], [144, 303, 184, 330.0]] prob_blues [1.2009575026108563, 1.2610308245846542, 0.82686661983160137]
Name 00027.jpg counts 9 Coords [[102, 312, 128, 330.0], [116, 330, 147, 352.5], [130, 306, 161, 328.5], [137, 303, 177, 330.0], [144, 303, 184, 330.0], [172, 270, 212, 297.0], [179, 270, 219, 297.0], [179, 273, 210, 295.5], [179, 276, 207, 297]] prob_blues [1.2558972406390017, 1.4095683261632281, 1.2113694174653236, 0.93166089895826565, 0.83021840707388306, 0.97712626865587582, 0.95112415179893428, 1.3032920116381215, 1.5014874102902955]
Name 00028.jpg counts 2 Coords [[116, 330, 147, 352.5], [137, 306, 177, 333.0]] prob_blues [1.5152999999534509, 0.90208932142261544]
Name 00029.jpg counts 2 Coords [[116, 330, 147, 352.5], [137, 306, 177, 333.0]] prob_blues [1.5152999999534509, 0.90208932142261544]
Name 00030.jpg counts 1 Coords [[137, 303, 177, 330.0]] prob_blues [0.87995818836755346]
Name 00031.jpg counts 3 Coords [[116, 330, 147, 352.5], [137, 309, 165, 330], [144, 306, 175, 328.5]] prob_blues [1.2160504722925061, 1.2837645381034699, 1.4618516996749094]
Name 00032.jpg counts 4 Coords [[102, 312, 134, 333.0], [137, 303, 177, 330.0], [144, 306, 175, 328.5], [144, 309, 172, 330]] prob_blues [0.83672714412794746, 1.0344587804204428, 1.2014769190747279, 1.2926218180196205]
Name 00033.jpg counts 5 Coords [[74, 174, 89, 186], [102, 312, 134, 333.0], [116, 330, 147, 352.5], [137, 306, 177, 333.0], [144, 306, 175, 328.5]] prob_blues [1.4197164632001398, 0.90489672853195102, 1.3734881114184674, 0.8438444689633412, 1.3130587846956918]
Name 00034.jpg counts 5 Coords [[74, 117, 92, 130.5], [102, 312, 128, 330.0], [123, 306, 163, 333.0], [137, 303, 177, 330.0], [144, 306, 175, 328.5]] prob_blues [1.2380201337025207, 1.3248504875975118, 0.8319258750518822, 0.83647692635751747, 1.2610395925108109]
Name 00035.jpg counts 4 Coords [[102, 312, 128, 330.0], [116, 330, 147, 352.5], [144, 306, 175, 328.5], [144, 309, 172, 330]] prob_blues [1.2343093848001749, 1.3048729508462107, 1.2471890557156051, 1.3840571364976908]
Name 00036.jpg counts 3 Coords [[137, 306, 168, 328.5], [144, 306, 175, 328.5], [144, 309, 172, 330]] prob_blues [1.2340494593447908, 1.7633580912280462, 1.2717662302547983]
Name 00037.jpg counts 3 Coords [[137, 306, 168, 328.5], [144, 306, 175, 328.5], [144, 309, 172, 330]] prob_blues [1.2340494593447908, 1.7633580912280462, 1.2717662302547983]
Name 00038.jpg counts 5 Coords [[74, 177, 92, 190.5], [102, 309, 134, 330.0], [116, 330, 150, 354.0], [123, 306, 163, 333.0], [123, 330, 151, 351]] prob_blues [1.2615870281588526, 0.80869948802682046, 1.2386367337396567, 0.85152391111421089, 1.2222229483196694]
Name 00039.jpg counts 2 Coords [[123, 306, 163, 333.0], [137, 306, 168, 328.5]] prob_blues [1.2168279871776297, 1.5169486423353145]
Name 00040.jpg counts 5 Coords [[102, 66, 131, 85.5], [123, 306, 163, 333.0], [137, 303, 177, 330.0], [144, 306, 175, 328.5], [144, 309, 172, 330]] prob_blues [1.271619834523499, 0.94741309314312294, 1.0645590731693355, 1.3012293675749484, 1.2676812584299895]
Name 00041.jpg counts 5 Coords [[102, 312, 134, 333.0], [116, 330, 147, 352.5], [137, 303, 177, 330.0], [144, 72, 184, 99.0], [144, 309, 172, 330]] prob_blues [1.2584289746506276, 1.2703388850168009, 1.1476444299632149, 0.82554914111067379, 1.2080291403557748]
Name 00042.jpg counts 4 Coords [[102, 309, 134, 330.0], [137, 309, 165, 330], [144, 306, 175, 328.5], [144, 309, 172, 330]] prob_blues [0.80019034151078927, 1.2008107874531646, 1.6105140946472627, 1.2242038863503111]
Name 00043.jpg counts 4 Coords [[102, 312, 122, 327], [116, 330, 156, 357.0], [123, 306, 163, 333.0], [137, 303, 177, 330.0]] prob_blues [1.25761046823866, 0.88214079609889418, 0.8112604109155902, 0.93114237215156936]
Name 00044.jpg counts 2 Coords [[102, 312, 122, 327], [137, 303, 177, 330.0]] prob_blues [1.3392404678166869, 1.0186512075884937]
Name 00045.jpg counts 5 Coords [[102, 312, 134, 333.0], [116, 330, 150, 354.0], [137, 303, 177, 330.0], [144, 306, 175, 328.5], [144, 309, 172, 330]] prob_blues [0.83843531158884932, 1.2825121449050227, 0.94342986569198517, 1.5945607269083641, 1.4508834506797346]
Name 00046.jpg counts 4 Coords [[102, 312, 134, 333.0], [116, 330, 156, 357.0], [137, 306, 177, 333.0], [144, 309, 172, 330]] prob_blues [0.931524858893228, 0.84711613547631515, 0.85700337503464741, 1.3309275808676775]
Name 00047.jpg counts 6 Coords [[74, 174, 92, 187.5], [74, 177, 92, 190.5], [102, 309, 134, 330.0], [116, 330, 147, 352.5], [137, 303, 177, 330.0], [137, 306, 177, 333.0]] prob_blues [1.201122990030584, 1.5117490082666105, 0.86929507465698064, 1.2658728880545178, 1.255871965266679, 0.83873837030359766]
Name 00048.jpg counts 7 Coords [[74, 117, 92, 130.5], [74, 174, 92, 187.5], [74, 177, 92, 190.5], [102, 63, 134, 84.0], [116, 330, 147, 352.5], [123, 330, 151, 351], [137, 306, 177, 333.0]] prob_blues [1.3960986229504746, 1.9661271544690715, 1.4668078897314301, 1.0967977480093078, 1.2307073826168318, 1.2528500871494286, 0.82597237372793109]
Name 00049.jpg counts 2 Coords [[116, 330, 156, 357.0], [144, 306, 184, 333.0]] prob_blues [0.912994162255793, 0.83904310023213202]
Name 00050.jpg counts 4 Coords [[74, 177, 89, 189], [102, 312, 134, 333.0], [116, 330, 147, 352.5], [144, 306, 172, 327]] prob_blues [1.2572145366513596, 1.0021598064157136, 1.3371755295858554, 1.2305463484950843]
Name 00051.jpg counts 4 Coords [[74, 177, 89, 189], [102, 312, 134, 333.0], [116, 330, 147, 352.5], [144, 306, 172, 327]] prob_blues [1.2572145366513596, 1.0021598064157136, 1.3371755295858554, 1.2305463484950843]
Name 00052.jpg counts 3 Coords [[116, 330, 156, 357.0], [123, 306, 163, 333.0], [144, 306, 184, 333.0]] prob_blues [0.93766713986812744, 0.8006145577727718, 0.83762691069430584]
Name 00053.jpg counts 4 Coords [[74, 177, 92, 190.5], [102, 309, 128, 327.0], [116, 330, 147, 352.5], [123, 306, 163, 333.0]] prob_blues [1.2435379677105365, 1.3069052307713411, 1.2341065059265608, 0.91577588759510309]
Name 00054.jpg counts 3 Coords [[116, 330, 147, 352.5], [144, 306, 184, 333.0], [144, 309, 172, 330]] prob_blues [1.4189564211845882, 0.92559289601595862, 1.3127703043977861]
Name 00055.jpg counts 4 Coords [[102, 309, 134, 330.0], [123, 306, 163, 333.0], [137, 303, 177, 330.0], [144, 306, 175, 328.5]] prob_blues [1.1177300377929922, 1.1559987066996582, 0.894402584442194, 1.5633236211746726]
Name 00056.jpg counts 0 Coords [] prob_blues []
Name 00057.jpg counts 5 Coords [[116, 330, 147, 352.5], [137, 303, 177, 330.0], [137, 309, 165, 330], [144, 306, 175, 328.5], [144, 309, 172, 330]] prob_blues [1.4508230621159917, 0.90487571383080556, 1.3506985968172827, 1.4980364830985731, 1.6569586671868657]
Name 00058.jpg counts 6 Coords [[116, 330, 147, 352.5], [137, 303, 177, 330.0], [137, 306, 177, 333.0], [137, 309, 165, 330], [144, 306, 172, 327], [144, 309, 172, 330]] prob_blues [1.3223841346276237, 0.83694670448774822, 0.85254642051887897, 1.2332950887467913, 1.2548843493249953, 1.2765161990166076]
Name 00059.jpg counts 2 Coords [[116, 330, 147, 352.5], [130, 306, 161, 328.5]] prob_blues [1.3084294136241912, 1.2463036924842958]
Name 00060.jpg counts 1 Coords [[116, 330, 156, 357.0]] prob_blues [0.82163683314340463]
Name 00061.jpg counts 2 Coords [[116, 330, 147, 352.5], [123, 330, 157, 354.0]] prob_blues [1.2615157386747131, 1.2504509936765715]
Name 00062.jpg counts 4 Coords [[116, 330, 147, 352.5], [123, 330, 163, 357.0], [137, 306, 171, 330.0], [144, 306, 175, 328.5]] prob_blues [1.2347092014096086, 0.90686336613885865, 1.23117382730437, 1.22143290564434]
Name 00063.jpg counts 3 Coords [[116, 330, 147, 352.5], [123, 306, 163, 333.0], [137, 306, 168, 328.5]] prob_blues [1.4526317645621583, 0.85882613096114946, 1.2086541785313254]
Name 00064.jpg counts 3 Coords [[116, 330, 147, 352.5], [144, 306, 175, 328.5], [144, 309, 172, 330]] prob_blues [1.4104015865800985, 1.6363598926145446, 1.2120554130311634]
Name 00065.jpg counts 4 Coords [[74, 180, 92, 193.5], [116, 330, 156, 357.0], [144, 306, 175, 328.5], [144, 309, 172, 330]] prob_blues [1.2451121333694708, 0.94785439588153475, 1.3336835582025373, 1.285007512458447]
Name 00066.jpg counts 4 Coords [[74, 180, 92, 193.5], [116, 330, 156, 357.0], [144, 306, 175, 328.5], [144, 309, 172, 330]] prob_blues [1.2451121333694708, 0.94785439588153475, 1.3336835582025373, 1.285007512458447]
Name 00067.jpg counts 2 Coords [[74, 177, 92, 190.5], [144, 303, 184, 330.0]] prob_blues [1.2215316957306519, 0.91269006718113077]
Name 00068.jpg counts 2 Coords [[116, 306, 156, 333.0], [137, 303, 177, 330.0]] prob_blues [0.93080321599113025, 0.93371562813473219]
Name 00069.jpg counts 3 Coords [[102, 309, 134, 330.0], [116, 330, 156, 357.0], [137, 303, 177, 330.0]] prob_blues [0.84049354386888175, 0.95317955326092674, 1.2306796733390089]
Name 00070.jpg counts 3 Coords [[74, 174, 89, 186], [74, 177, 92, 190.5], [144, 309, 172, 330]] prob_blues [1.2363713634126325, 1.2246894867212239, 1.2954512384501471]
Name 00071.jpg counts 5 Coords [[74, 174, 92, 187.5], [116, 330, 147, 352.5], [144, 273, 184, 300.0], [144, 306, 175, 328.5], [179, 123, 213, 147.0]] prob_blues [1.2416580584570092, 1.3527330180874912, 1.003719404315178, 1.7656792490582247, 1.210428355101782]
Name 00072.jpg counts 5 Coords [[116, 330, 147, 352.5], [123, 330, 163, 357.0], [172, 120, 212, 147.0], [179, 123, 207, 144], [186, 141, 232, 173.0]] prob_blues [1.6852807421595202, 0.86778960209759093, 0.93776499662136981, 1.2345888324528818, 0.95698855719858933]
Name 00073.jpg counts 12 Coords [[116, 330, 147, 352.5], [137, 309, 165, 330], [144, 306, 175, 328.5], [144, 309, 172, 330], [158, 108, 195, 133.5], [158, 111, 198, 138.0], [165, 96, 205, 123.0], [165, 108, 205, 135.0], [165, 111, 193, 132], [165, 114, 193, 135], [165, 117, 193, 138], [186, 117, 232, 149.0]] prob_blues [1.2092004552475761, 1.2361258027889606, 1.2661496618128609, 1.2773406843300723, 1.5125828019713481, 1.0843438444334197, 0.87182227262978607, 0.98526085730895374, 1.6392010523832901, 1.5969873562327188, 1.3176146661732044, 0.8604085548933339]
Name 00074.jpg counts 12 Coords [[116, 330, 147, 352.5], [137, 309, 165, 330], [144, 306, 175, 328.5], [144, 309, 172, 330], [158, 108, 195, 133.5], [158, 111, 198, 138.0], [165, 96, 205, 123.0], [165, 108, 205, 135.0], [165, 111, 193, 132], [165, 114, 193, 135], [165, 117, 193, 138], [186, 117, 232, 149.0]] prob_blues [1.2092004552475761, 1.2361258027889606, 1.2661496618128609, 1.2773406843300723, 1.5125828019713481, 1.0843438444334197, 0.87182227262978607, 0.98526085730895374, 1.6392010523832901, 1.5969873562327188, 1.3176146661732044, 0.8604085548933339]
Name 00075.jpg counts 12 Coords [[116, 330, 156, 357.0], [158, 93, 198, 120.0], [158, 96, 192, 120.0], [158, 99, 192, 123.0], [165, 96, 199, 120.0], [165, 99, 199, 123.0], [165, 102, 199, 126.0], [172, 102, 200, 123], [179, 135, 213, 159.0], [186, 192, 232, 224.0], [186, 195, 220, 221], [186, 198, 220, 224]] prob_blues [0.95553279472201658, 1.5080954578930945, 1.8299014110616634, 1.3655265110478778, 1.3184424292166552, 1.2937513519416566, 1.313479617665859, 1.4975463131054356, 1.373140217835974, 1.447969392292118, 1.2227926479598485, 1.4060455534482461]
Name 00076.jpg counts 12 Coords [[74, 174, 89, 186], [95, 330, 127, 351.0], [102, 330, 122, 345], [116, 330, 147, 352.5], [137, 303, 177, 330.0], [137, 306, 168, 328.5], [158, 93, 195, 118.5], [158, 96, 192, 120.0], [165, 96, 205, 123.0], [165, 117, 205, 144.0], [186, 168, 226, 197.0], [186, 171, 232, 203.0]] prob_blues [1.2352881160406852, 0.81050165828519793, 1.3194120109849905, 1.2318399102427442, 0.80747250200350373, 1.2468157178636319, 1.3380211780066693, 1.2464909881114861, 1.3550527822683112, 1.127939399607043, 1.359010267421902, 1.0635937301809468]
Name 00077.jpg counts 16 Coords [[74, 117, 92, 130.5], [102, 330, 134, 351.0], [109, 330, 141, 351.0], [116, 330, 147, 352.5], [137, 303, 177, 330.0], [144, 306, 172, 327], [158, 93, 195, 118.5], [165, 96, 202, 121.5], [165, 99, 205, 126.0], [172, 147, 209, 172.5], [172, 150, 212, 177.0], [179, 147, 219, 174.0], [179, 150, 219, 177.0], [179, 153, 219, 180.0], [186, 144, 220, 170], [186, 147, 232, 179.0]] prob_blues [1.2189214819319885, 0.86307835742065941, 0.81434201550737473, 1.2754967033823301, 1.1314773952333113, 1.2732305717459065, 1.380494838055216, 1.2466913045511805, 1.0491196090717407, 1.5119842300239243, 1.185415359302699, 0.87080866063610951, 0.94144085697174329, 0.82224141358309655, 1.3175899596597227, 1.0330289677995705]
Name 00078.jpg counts 9 Coords [[109, 330, 129, 345], [137, 303, 177, 330.0], [144, 303, 184, 330.0], [158, 93, 195, 118.5], [158, 96, 198, 123.0], [165, 102, 205, 129.0], [179, 126, 219, 153.0], [186, 120, 223, 147.5], [186, 123, 226, 152.0]] prob_blues [1.3054811489866971, 1.2206260523636518, 0.83187292572727067, 1.4491361554634627, 1.0895673558473078, 0.8245023537462538, 0.9411934277126689, 1.3532194626680587, 1.9339227855456826]
Name 00079.jpg counts 6 Coords [[74, 174, 89, 186], [102, 312, 122, 327], [109, 330, 135, 348.0], [144, 306, 175, 328.5], [158, 93, 198, 120.0], [158, 120, 198, 147.0]] prob_blues [1.4335726130232, 1.2496102931689865, 1.2869626735681572, 1.3304273223376351, 0.95004502915343447, 0.93296017648181218]
Name 00080.jpg counts 7 Coords [[102, 312, 134, 333.0], [137, 303, 177, 330.0], [144, 306, 172, 327], [144, 309, 172, 330], [158, 93, 192, 117.0], [158, 108, 198, 135.0], [165, 111, 199, 135.0]] prob_blues [0.90005759091389981, 1.1877706577100104, 1.3014045710978199, 1.3040076636819378, 1.2436079595271226, 1.3959835817337094, 1.2251487136277137]
Name 00081.jpg counts 3 Coords [[144, 306, 175, 328.5], [144, 309, 172, 330], [158, 93, 189, 115.5]] prob_blues [1.2293487621296197, 1.2551740766869663, 1.4320259379386897]
Name 00082.jpg counts 4 Coords [[116, 318, 144, 339], [144, 306, 175, 328.5], [158, 93, 186, 114], [158, 108, 192, 132.0]] prob_blues [1.5987783468103833, 1.3325231565448692, 1.2967245851873486, 1.4847357736153795]
Name 00083.jpg counts 5 Coords [[116, 318, 147, 340.5], [123, 306, 163, 333.0], [158, 108, 198, 135.0], [158, 111, 192, 135.0], [158, 114, 186, 135]] prob_blues [1.3587269929273091, 0.81498991828989398, 0.92249178181532387, 1.4667886341194443, 1.5363862040564329]
Name 00084.jpg counts 4 Coords [[123, 321, 151, 342], [137, 303, 177, 330.0], [158, 90, 198, 117.0], [158, 108, 192, 132.0]] prob_blues [1.3382150219420126, 1.2671134038191672, 0.83144331602874277, 1.3436320961600554]
Name 00085.jpg counts 3 Coords [[123, 321, 160, 346.5], [158, 93, 198, 120.0], [158, 108, 186, 129]] prob_blues [1.2323690437907677, 0.90225494238097081, 1.2075984309483578]
Name 00086.jpg counts 6 Coords [[102, 309, 134, 330.0], [130, 321, 170, 348.0], [158, 93, 186, 114], [158, 108, 198, 135.0], [165, 9, 199, 33.0], [186, 207, 232, 239.0]] prob_blues [0.82932671271075697, 0.91253034123561771, 1.4207985201698885, 1.0735972373948313, 1.238296271978101, 0.83624951976117756]
Name 00087.jpg counts 4 Coords [[137, 321, 171, 345.0], [137, 324, 171, 348.0], [144, 306, 175, 328.5], [165, 0, 196, 22.5]] prob_blues [1.2434931404573817, 1.2519222864843336, 1.3460811086719771, 1.2312755644925146]
Name 00088.jpg counts 6 Coords [[67, 174, 91, 190.5], [74, 96, 89, 108], [137, 303, 177, 330.0], [137, 324, 177, 351.0], [144, 324, 172, 345], [165, 114, 205, 141.0]] prob_blues [1.2106639399479997, 1.2664485266012524, 0.99346846338615824, 0.94420018694477414, 1.6815460860058273, 0.88233875389526217]
Name 00089.jpg counts 7 Coords [[74, 177, 89, 189], [102, 309, 134, 330.0], [102, 312, 134, 333.0], [116, 330, 147, 352.5], [151, 324, 191, 351.0], [151, 327, 191, 354.0], [151, 330, 191, 357.0]] prob_blues [1.3452804412818402, 0.97602224642388824, 0.89190875130022229, 1.5081457509298346, 1.2011077455846375, 0.80264652475277021, 1.0166071976761768]
Name 00090.jpg counts 5 Coords [[102, 312, 134, 333.0], [137, 309, 165, 330], [144, 273, 184, 300.0], [158, 93, 186, 114], [158, 96, 186, 117]] prob_blues [1.3914124892781996, 1.3584458543067308, 0.93372128746639793, 1.3592225977034658, 1.4460365154708614]
Name 00091.jpg counts 12 Coords [[116, 330, 156, 357.0], [137, 303, 177, 330.0], [144, 267, 184, 294.0], [144, 273, 172, 294], [144, 309, 172, 330], [158, 90, 198, 117.0], [158, 93, 198, 120.0], [158, 108, 198, 135.0], [158, 267, 198, 294.0], [158, 270, 192, 294.0], [172, 273, 209, 298.5], [172, 276, 212, 303.0]] prob_blues [0.91169175668780988, 0.85468797588400303, 0.93895104713382904, 1.2178138049212071, 1.3155303921055159, 1.208753795852691, 0.92570097381958039, 1.5121104033599302, 1.5874650204397747, 1.4078851696216148, 1.5749796716955862, 0.84575569788037785]
Name 00092.jpg counts 9 Coords [[74, 177, 92, 190.5], [102, 66, 131, 85.5], [116, 330, 147, 352.5], [144, 306, 175, 328.5], [151, 234, 191, 261.0], [158, 234, 198, 261.0], [158, 237, 192, 261.0], [158, 240, 186, 261], [165, 117, 199, 141.0]] prob_blues [1.3933293446504371, 1.2156752319855451, 1.5515262611246832, 1.2454561632676033, 0.91443611534531077, 0.80661419645293797, 1.2346007605105971, 1.5728367539788595, 1.4996324784390467]
Name 00093.jpg counts 9 Coords [[74, 174, 89, 186], [102, 312, 134, 333.0], [123, 306, 163, 333.0], [123, 330, 151, 351], [144, 204, 184, 231.0], [144, 306, 175, 328.5], [144, 309, 172, 330], [151, 204, 191, 231.0], [151, 207, 191, 234.0]] prob_blues [1.2222945290726575, 1.0774953055294239, 0.89497312115541117, 1.2891191125930739, 0.83138489300642748, 1.2288016544388523, 1.3707277987530704, 1.082558495981071, 1.0013662755916348]
Name 00094.jpg counts 15 Coords [[74, 177, 92, 190.5], [88, 66, 114, 84.0], [116, 330, 153, 355.5], [123, 330, 151, 351], [137, 303, 177, 330.0], [144, 177, 184, 204.0], [144, 180, 184, 207.0], [144, 303, 184, 330.0], [144, 306, 175, 328.5], [144, 309, 172, 330], [151, 183, 179, 204], [158, 90, 198, 117.0], [158, 93, 198, 120.0], [158, 105, 198, 132.0], [158, 177, 198, 204.0]] prob_blues [1.2559245570378299, 1.2282973294159469, 1.4229937883087174, 1.4441234683580277, 1.1355627338402208, 1.2505788898891725, 0.85908098809479372, 0.80080524339048409, 1.284062716472226, 1.2088052216639431, 1.4526732070937585, 0.86504436024381837, 1.0472201252586286, 0.85746972220263029, 0.85037018245944951]
Name 00095.jpg counts 10 Coords [[74, 96, 89, 108], [102, 312, 128, 330.0], [116, 330, 156, 357.0], [137, 306, 171, 330.0], [158, 90, 198, 117.0], [158, 93, 195, 118.5], [158, 96, 189, 118.5], [158, 123, 198, 150.0], [158, 126, 186, 147], [158, 150, 198, 177.0]] prob_blues [1.2311476290989587, 1.2674854223306342, 0.85307764620427828, 1.2672072694693863, 0.97718297084983419, 1.4550924746142102, 1.3738288136206025, 1.1758248611086417, 1.3383075117277898, 0.93902407886788752]
Name 00096.jpg counts 10 Coords [[116, 330, 147, 352.5], [144, 306, 175, 328.5], [144, 309, 172, 330], [158, 144, 195, 169.5], [165, 117, 196, 139.5], [165, 144, 199, 168.0], [165, 147, 193, 168], [165, 150, 193, 171], [172, 150, 206, 174.0], [172, 153, 206, 177.0]] prob_blues [1.4331458666795012, 1.3527646265334226, 1.3503831601112219, 1.4507427851708097, 1.2885269606750187, 1.3689888394531691, 1.554586461352045, 1.894231158857258, 1.3175067620073477, 1.3090788076733402]
Name 00097.jpg counts 6 Coords [[116, 330, 147, 352.5], [165, 117, 196, 139.5], [165, 171, 205, 198.0], [172, 171, 200, 192], [172, 174, 203, 196.5], [186, 174, 220, 200]] prob_blues [1.5907160762253989, 1.5431777533663102, 0.88260786685885673, 1.2963468909880063, 1.3340207710608309, 1.4012125070721213]
Name 00098.jpg counts 9 Coords [[116, 330, 147, 352.5], [137, 306, 168, 328.5], [144, 72, 184, 99.0], [158, 96, 198, 123.0], [158, 111, 195, 136.5], [165, 96, 205, 123.0], [179, 201, 213, 225.0], [179, 204, 207, 225], [179, 207, 207, 228]] prob_blues [1.4915473143889741, 1.2472398066840511, 1.2997533824137149, 1.085226181623471, 1.2444696353189055, 0.80018066989783476, 1.3133662844630805, 1.3346840696300961, 1.3221931687550841]
Name 00099.jpg counts 16 Coords [[74, 174, 89, 186], [74, 177, 92, 190.5], [109, 165, 141, 186.0], [116, 330, 156, 357.0], [123, 330, 151, 351], [144, 306, 175, 328.5], [144, 309, 172, 330], [158, 99, 198, 126.0], [158, 111, 195, 136.5], [165, 117, 196, 139.5], [179, 219, 219, 246.0], [179, 222, 219, 249.0], [186, 216, 229, 246.5], [186, 219, 226, 248.0], [186, 222, 220, 248], [186, 225, 223, 252.5]] prob_blues [1.267037167413358, 1.2178208996982529, 0.83236871805646551, 1.0412052790778832, 1.2033763738990606, 1.4390854592055247, 1.4091281427701703, 0.96695238533611338, 1.3920636807591507, 1.3483927958707445, 0.86722124565772363, 0.9183802750646145, 1.3128350912749918, 1.5815604557460365, 1.5969259525806039, 1.3900893802872014]
Name 00100.jpg counts 12 Coords [[116, 330, 156, 357.0], [123, 306, 163, 333.0], [144, 75, 184, 102.0], [144, 306, 175, 328.5], [144, 309, 172, 330], [158, 93, 198, 120.0], [158, 96, 198, 123.0], [165, 93, 202, 118.5], [165, 96, 196, 118.5], [186, 222, 220, 248], [186, 225, 220, 251], [186, 228, 220, 254]] prob_blues [0.96386094175399373, 1.2501537572405121, 0.82666196546130333, 1.2188256556920494, 1.2108734013973117, 1.0201405614886552, 0.85700719283680538, 1.3132193802669554, 1.5825114961609477, 1.4371269049871409, 1.5404699985366097, 1.4012473462723705]
Name 00101.jpg counts 13 Coords [[74, 117, 89, 129], [102, 312, 134, 333.0], [116, 330, 147, 352.5], [123, 306, 163, 333.0], [144, 306, 175, 328.5], [158, 93, 198, 120.0], [158, 96, 198, 123.0], [158, 111, 192, 135.0], [158, 129, 192, 153.0], [158, 132, 192, 156.0], [165, 93, 202, 118.5], [165, 96, 193, 117], [165, 114, 196, 136.5]] prob_blues [1.3094819528395898, 0.99435931148598555, 1.5627515019533171, 0.95296498554928066, 1.5433908653871855, 1.02240754265314, 0.83689112905812102, 1.4128984717070585, 1.3303341278252265, 1.3236026060166051, 1.3216063325006244, 1.2194228382517993, 1.2604351745800262]
Name 00102.jpg counts 8 Coords [[74, 174, 89, 186], [144, 306, 175, 328.5], [158, 93, 198, 120.0], [158, 111, 198, 138.0], [158, 129, 198, 156.0], [165, 93, 202, 118.5], [165, 96, 199, 120.0], [165, 135, 193, 156]] prob_blues [1.2091957993047755, 1.3026627929889849, 1.0089501025380234, 0.81930804436695703, 1.1010306934680631, 1.556114644361835, 1.372182900499765, 1.3657240771808192]
Name 00103.jpg counts 16 Coords [[116, 330, 147, 352.5], [123, 306, 163, 333.0], [123, 330, 157, 354.0], [144, 306, 175, 328.5], [144, 309, 172, 330], [158, 93, 198, 120.0], [158, 132, 198, 159.0], [165, 93, 202, 118.5], [165, 96, 193, 117], [165, 117, 193, 138], [165, 135, 199, 159.0], [165, 138, 199, 162.0], [186, 198, 229, 228.5], [186, 201, 226, 230.0], [186, 204, 226, 233.0], [186, 207, 232, 239.0]] prob_blues [1.6244412558164254, 1.1024243534502722, 1.2234036297986304, 1.5236494361392721, 1.4872062253857554, 0.95094661960741356, 0.81652317124311791, 1.207386648424329, 1.3048147479816889, 1.3596760703244426, 1.5438820999313703, 1.6698935825284065, 1.2424376908594388, 1.7382268417304712, 1.2364585681386115, 1.3632521823080501]
Name 00104.jpg counts 12 Coords [[74, 177, 92, 190.5], [137, 306, 171, 330.0], [158, 111, 198, 138.0], [158, 132, 198, 159.0], [165, 93, 202, 118.5], [165, 96, 202, 121.5], [165, 117, 193, 138], [165, 135, 202, 160.5], [186, 189, 229, 219.5], [186, 192, 226, 221.0], [186, 195, 223, 222.5], [186, 198, 226, 227.0]] prob_blues [1.3280975913014483, 1.2865027951511312, 1.0630577135510926, 1.1016857476755213, 1.719953958399481, 1.5754043765944687, 1.2912912596392623, 1.7022771822619496, 1.3602336331293117, 1.3009163185771913, 1.6164054687870397, 1.6895219488358348]
Name 00105.jpg counts 13 Coords [[116, 330, 147, 352.5], [144, 306, 175, 328.5], [158, 93, 198, 120.0], [158, 96, 198, 123.0], [158, 111, 195, 136.5], [165, 93, 199, 117.0], [165, 96, 193, 117], [165, 111, 202, 136.5], [165, 117, 196, 139.5], [165, 132, 205, 159.0], [165, 135, 202, 160.5], [186, 180, 223, 207.5], [186, 183, 226, 212.0]] prob_blues [1.3800248121326515, 1.3794181583080229, 1.0311483946271296, 1.0726319908750312, 1.5494668868357877, 1.2479641971569633, 1.3645984233213162, 1.2664215509372627, 1.2651080672516555, 1.1449982888895001, 1.3102633164302957, 1.5600968724797086, 1.4724379757263537]
Name 00106.jpg counts 13 Coords [[116, 330, 147, 352.5], [123, 330, 163, 357.0], [158, 93, 198, 120.0], [158, 96, 198, 123.0], [158, 111, 195, 136.5], [158, 132, 198, 159.0], [165, 93, 202, 118.5], [165, 96, 193, 117], [165, 135, 199, 159.0], [165, 138, 199, 162.0], [179, 168, 219, 195.0], [179, 171, 219, 198.0], [186, 168, 226, 197.0]] prob_blues [1.3600797258670192, 0.82679951515214267, 1.6535589240797477, 1.1070724739434832, 1.4857953012422698, 1.3332996405434558, 1.4964908062196578, 1.2829825581420824, 1.3471484783863179, 1.4436100671805949, 0.97361211323252961, 0.81081090334005823, 1.3125662949210128]
Name 00107.jpg counts 16 Coords [[116, 330, 144, 351], [137, 303, 177, 330.0], [137, 306, 168, 328.5], [144, 306, 175, 328.5], [158, 93, 198, 120.0], [158, 96, 195, 121.5], [165, 93, 199, 117.0], [165, 96, 193, 117], [165, 99, 199, 123.0], [165, 114, 196, 136.5], [165, 117, 193, 138], [165, 135, 202, 160.5], [179, 159, 219, 186.0], [179, 162, 216, 187.5], [179, 165, 219, 192.0], [186, 165, 220, 191]] prob_blues [1.2089133950003794, 0.80216209776825342, 1.2222226983807438, 1.2233130252967368, 1.4185999667906226, 1.2360189285561787, 1.3278733619894991, 1.3364737885513511, 1.2083774861269854, 1.5469504909697473, 1.2691710140719747, 1.3335691998684776, 2.0504505197405898, 1.7807912478848205, 1.1551418489826975, 1.5376002210543125]
Name 00108.jpg counts 17 Coords [[116, 330, 147, 352.5], [137, 303, 177, 330.0], [144, 306, 172, 327], [158, 93, 198, 120.0], [158, 96, 198, 123.0], [158, 132, 198, 159.0], [165, 93, 199, 117.0], [165, 96, 193, 117], [165, 114, 196, 136.5], [165, 132, 202, 157.5], [165, 135, 199, 159.0], [165, 138, 199, 162.0], [179, 159, 219, 186.0], [179, 162, 219, 189.0], [179, 165, 219, 192.0], [186, 162, 226, 191.0], [186, 165, 223, 192.5]] prob_blues [1.2881886222221013, 0.91778913291359621, 1.3290474921296442, 1.3285420741422813, 1.2657938347493412, 1.2277701326716692, 1.4585486460454375, 1.338151284828621, 1.2787661520653653, 1.3187252734010961, 2.0628604481618442, 1.573646398379148, 0.97354682037512463, 1.3261442614842252, 1.3767098862634768, 1.4432848206962756, 1.4382319152089362]
Name 00109.jpg counts 17 Coords [[109, 63, 141, 84.0], [116, 327, 156, 354.0], [116, 330, 147, 352.5], [144, 306, 175, 328.5], [158, 93, 198, 120.0], [158, 96, 198, 123.0], [158, 111, 195, 136.5], [165, 96, 196, 118.5], [165, 99, 199, 123.0], [165, 114, 196, 136.5], [165, 132, 205, 159.0], [165, 135, 199, 159.0], [165, 138, 205, 165.0], [179, 159, 213, 183.0], [179, 162, 213, 186.0], [186, 162, 226, 191.0], [186, 165, 223, 192.5]] prob_blues [0.80645708608344646, 0.80859030508455454, 1.4501132485931532, 1.36286865561864, 1.514320364109242, 0.90213182279822213, 1.6025346650937871, 1.5805417729036733, 1.2140668359662667, 1.5125709618446845, 1.0597922065612466, 1.2707601243685245, 0.97459652946111974, 1.2940403643310052, 1.520459634952374, 1.3938292433307407, 1.4854157778034085]
Name 00110.jpg counts 13 Coords [[102, 312, 134, 333.0], [116, 330, 147, 352.5], [123, 330, 151, 351], [144, 309, 172, 330], [158, 111, 198, 138.0], [158, 114, 198, 141.0], [158, 132, 198, 159.0], [165, 93, 199, 117.0], [165, 96, 199, 120.0], [165, 117, 196, 139.5], [165, 135, 202, 160.5], [186, 165, 229, 195.5], [186, 168, 220, 194]] prob_blues [0.98290532402524999, 1.2719875275429744, 1.2843165436326371, 1.2767890262302029, 1.295225223789215, 0.91339286916672979, 0.95939357397429836, 1.2733751107601319, 1.4628239985045357, 1.509095839469623, 1.4489075417051245, 1.2347082916698073, 1.4749975599371221]
Name 00111.jpg counts 15 Coords [[102, 309, 134, 330.0], [116, 330, 147, 352.5], [123, 306, 163, 333.0], [144, 306, 175, 328.5], [144, 309, 172, 330], [158, 111, 198, 138.0], [158, 114, 186, 135], [158, 129, 192, 153.0], [158, 132, 195, 157.5], [165, 96, 196, 118.5], [165, 117, 196, 139.5], [165, 135, 199, 159.0], [186, 174, 226, 203.0], [186, 177, 229, 207.5], [186, 180, 223, 207.5]] prob_blues [0.87171381631922651, 1.4168419460436144, 0.8405219701559189, 1.3818121414416176, 1.2886342776367572, 1.0236550800046533, 1.3212598374306683, 1.2997397900307766, 1.3196871669923222, 1.2142205782472026, 1.3155234950413717, 1.2074318312336167, 1.4840250226383702, 1.7641522100864511, 1.329358133742204]
Name 00112.jpg counts 8 Coords [[116, 330, 147, 352.5], [137, 306, 168, 328.5], [144, 306, 172, 327], [158, 96, 198, 123.0], [158, 114, 189, 136.5], [158, 129, 186, 150], [158, 132, 186, 153], [165, 117, 193, 138]] prob_blues [1.9080373791871619, 1.2804081223748263, 1.22906142182726, 0.98633206993726585, 1.2863146539027235, 1.2384984445070319, 1.2630566191536805, 1.6660993414882643]
Name 00113.jpg counts 5 Coords [[74, 177, 92, 190.5], [102, 309, 134, 330.0], [116, 330, 147, 352.5], [144, 306, 175, 328.5], [151, 120, 191, 147.0]] prob_blues [1.2318537053290362, 0.82774418600455435, 1.4283866982013165, 1.22585645192774, 0.91492881503857315]
Name 00114.jpg counts 8 Coords [[74, 177, 92, 190.5], [102, 312, 134, 333.0], [116, 330, 147, 352.5], [123, 306, 163, 333.0], [137, 306, 171, 330.0], [137, 309, 165, 330], [144, 306, 184, 333.0], [151, 114, 179, 135]] prob_blues [1.2031067730469656, 1.0430425717497438, 1.241846937255231, 0.86632369515958441, 1.4493025487490265, 1.3003188452904757, 0.80230490817216771, 1.3184443432825206]
Name 00115.jpg counts 8 Coords [[74, 177, 92, 190.5], [102, 312, 134, 333.0], [116, 330, 147, 352.5], [123, 306, 163, 333.0], [137, 306, 171, 330.0], [137, 309, 165, 330], [144, 306, 184, 333.0], [151, 114, 179, 135]] prob_blues [1.2031067730469656, 1.0430425717497438, 1.241846937255231, 0.86632369515958441, 1.4493025487490265, 1.3003188452904757, 0.80230490817216771, 1.3184443432825206]
Name 00116.jpg counts 5 Coords [[116, 330, 147, 352.5], [123, 306, 163, 333.0], [137, 306, 177, 333.0], [144, 306, 175, 328.5], [151, 102, 191, 129.0]] prob_blues [1.2451532669835537, 0.87979595717540338, 0.85694668042810418, 1.206544191530496, 0.80300730403885046]
Name 00117.jpg counts 2 Coords [[116, 330, 144, 351], [151, 96, 191, 123.0]] prob_blues [1.2386315635942982, 1.1491382934062089]
Name 00118.jpg counts 7 Coords [[67, 150, 88, 165.0], [116, 306, 156, 333.0], [116, 330, 147, 352.5], [137, 303, 177, 330.0], [151, 93, 191, 120.0], [151, 99, 182, 121.5], [158, 102, 186, 123]] prob_blues [1.2488402597898975, 0.89871897008461843, 1.6171309848259257, 0.8784463933972847, 0.90362034206192943, 1.3621933566390787, 1.2659239482555309]
Name 00119.jpg counts 7 Coords [[67, 150, 88, 165.0], [116, 306, 156, 333.0], [116, 330, 147, 352.5], [137, 303, 177, 330.0], [151, 93, 191, 120.0], [151, 99, 182, 121.5], [158, 102, 186, 123]] prob_blues [1.2488402597898975, 0.89871897008461843, 1.6171309848259257, 0.8784463933972847, 0.90362034206192943, 1.3621933566390787, 1.2659239482555309]
Name 00120.jpg counts 4 Coords [[116, 330, 147, 352.5], [137, 303, 177, 330.0], [137, 306, 171, 330.0], [144, 309, 172, 330]] prob_blues [1.51839699335149, 0.85850186699374686, 1.3313297136623459, 1.2073859552952619]
Name 00121.jpg counts 2 Coords [[116, 330, 147, 352.5], [137, 306, 168, 328.5]] prob_blues [1.6697934308670415, 1.3201902478793257]
Name 00122.jpg counts 6 Coords [[116, 327, 156, 354.0], [116, 330, 147, 352.5], [123, 306, 163, 333.0], [137, 306, 171, 330.0], [144, 306, 172, 327], [144, 309, 172, 330]] prob_blues [0.82297207377316728, 1.4723771126017895, 0.80576437623656638, 1.2215044882205124, 1.3010778273220165, 1.4143535289262523]
Name 00123.jpg counts 2 Coords [[116, 330, 156, 357.0], [123, 330, 151, 351]] prob_blues [0.98173760185714321, 1.2312837244586747]
Name 00124.jpg counts 8 Coords [[102, 309, 134, 330.0], [116, 330, 147, 352.5], [137, 273, 177, 300.0], [137, 276, 165, 297], [137, 279, 165, 300], [137, 303, 177, 330.0], [151, 78, 182, 100.5], [158, 102, 186, 123]] prob_blues [0.80412766797133528, 1.4163284717967217, 1.1059065458027586, 1.4540331542818463, 1.2884101516971782, 1.1920627856173964, 1.2308695678646755, 1.2411743387491061]
Name 00125.jpg counts 5 Coords [[116, 330, 147, 352.5], [137, 228, 165, 249], [137, 309, 165, 330], [144, 309, 172, 330], [151, 90, 191, 117.0]] prob_blues [1.231792401815941, 1.2948419036092331, 1.4001223691574047, 1.4212565039432388, 0.9328826077005864]
Name 00126.jpg counts 4 Coords [[74, 117, 92, 130.5], [137, 303, 177, 330.0], [144, 306, 184, 333.0], [144, 309, 172, 330]] prob_blues [1.2144744847091129, 1.074057439416757, 0.92224588261492879, 1.2329714730719128]
Name 00127.jpg counts 5 Coords [[74, 117, 92, 130.5], [102, 312, 134, 333.0], [116, 330, 147, 352.5], [137, 309, 165, 330], [151, 96, 191, 123.0]] prob_blues [1.2754577509432177, 0.91666492066443606, 1.4774198937404783, 1.3584394347442172, 0.81507855453844014]
Name 00128.jpg counts 5 Coords [[74, 117, 92, 130.5], [102, 312, 134, 333.0], [116, 330, 147, 352.5], [137, 309, 165, 330], [151, 96, 191, 123.0]] prob_blues [1.2754577509432177, 0.91666492066443606, 1.4774198937404783, 1.3584394347442172, 0.81507855453844014]
Name 00129.jpg counts 4 Coords [[116, 330, 156, 357.0], [137, 303, 177, 330.0], [137, 309, 165, 330], [144, 306, 175, 328.5]] prob_blues [1.0025189738054525, 0.82970635183389663, 1.234681151133703, 1.2791647768905645]
Name 00130.jpg counts 5 Coords [[116, 330, 147, 352.5], [144, 75, 184, 102.0], [144, 306, 175, 328.5], [151, 96, 191, 123.0], [158, 99, 186, 120]] prob_blues [1.4537267950287891, 0.86756563051477398, 1.5431592878583311, 1.0106552019260868, 1.3604042035154431]
Name 00131.jpg counts 5 Coords [[74, 117, 92, 130.5], [137, 303, 177, 330.0], [137, 309, 165, 330], [151, 78, 182, 100.5], [179, 201, 219, 228.0]] prob_blues [1.2184091769195278, 1.1807134528267946, 1.2540561008904141, 1.2282163371000618, 1.0146414715482051]
Name 00132.jpg counts 3 Coords [[116, 330, 156, 357.0], [137, 309, 165, 330], [144, 309, 172, 330]] prob_blues [0.82311061015969755, 1.2749003343507899, 1.2204785022773286]
Name 00133.jpg counts 3 Coords [[123, 306, 163, 333.0], [137, 306, 168, 328.5], [144, 309, 172, 330]] prob_blues [0.85745539869658527, 1.3030666924103258, 1.2101296278101827]
Name 00134.jpg counts 4 Coords [[74, 174, 92, 187.5], [116, 330, 156, 357.0], [158, 96, 189, 118.5], [158, 99, 189, 121.5]] prob_blues [1.4609742988802332, 0.86555948293918472, 1.2052640145956386, 1.2254000608732922]
Name 00135.jpg counts 2 Coords [[74, 177, 92, 190.5], [116, 330, 156, 357.0]] prob_blues [1.4588710511305094, 0.82307654632332683]
